map 0 -600 720 660
map 480 60 360 240
map 600 380 120 240
sea 630 -600 720 16600
bombe 380 580 30 30
enemy 0 480
map 540 620 180 400
map 450 1050 180 120
map 540 1380 180 180
money 380 1050 30 30
money 280 1250 30 30
heart 240 1300 30 30
enemy 0 1380
map 360 1700 360 260
map 240 1960 480 240
money 280 1750 30 30
money 280 1390 30 30
money 140 1960 30 30
enemy 0 1960
map 240 2390 60 140
map 340 2620 60 80
map 440 2800 60 140
map 540 3090 60 140
money 150 2390 30 30
money 240 2620 30 30
money 340 2800 30 30
heart 380 3080 60 60
enemy 300 3040
map 540 3340 180 180
map 420 3520 300 180
money 240 3340 30 30
money 340 3520 30 30
heart 360 3600 30 30
enemy 0 3520
map 300 3820 420 180
enemy 0 3820
map 180 4000 540 180
map 330 4390 60 300
bigBoss 0 4390
map 0 4680 720 660
money 100 4000 30 30
money 250 4390 30 30
money 200 4420 30 30
money 250 4450 30 30
heart 200 4500 30 30
macron 0 70